0,
0,
1,
2,
3,
5,
5,
5,
5,
6,
7,
8,
9,
11,
11,
11,
11,
12,
13,
14,
15,
17,
17,
17,
17,
18,
19,
20,
21,
23,
23,
23,
23,
24,
25,
26,
27,
29,
29,
29,
29,
30,
31,
32,
33,
35,
35,
35,
35,
36,
37,
38,
39,
41,
41,
41,
41,
42,
43,
44,
45,
47,
47,
47,
47,
48,
49,
50,
51,
53,
53,
53,
53,
54,
55,
56,
57,
59,
59,
59,
59,
60,
61,
62,
63,
65,
65,
65,
65,
66,
67,
68,
69,
71,
71,
71,
71,
72,
73,
74,
75,
77,
77,
77,
77,
78,
79,
80,
81,
83,
83,
83,
83,
84,
85,
86,
87,
89,
89,
89,
89,
90,
91,
92,
93,
95,
95,
95,
95,
96,
97,
98,
99,
101,
101,
101,
101,
102,
103,
104,
105,
107,
107,
107,
107,
108,
109,
110,
111,
113,
113,
113,
113,
114,
115,
116,
117,
119,
119,
119,
119,
120,
121,
122,
123,
125,
125,
125,
125,
126,
127,
128,
129,
131,
131,
131,
131,
132,
133,
134,
135,
137,
137,
137,
137,
138,
139,
140,
141,
143,
143,
143,
143,
144,
145,
146,
147,
149,
149,
149,
149,
150,
151,
152,
153,
155,
155,
155,
155,
156,
157,
158,
159,
161,
161,
161,
161,
162,
163,
164,
165,
167,
167,
167,
167,
168,
169,
170,
171,
173,
173,
173,
173,
174,
175,
176,
177,
179,
179,
179,
179,
180,
181,
182,
183,
185,
185,
185,
185,
186,
187,
188,
189,
191,
191,
191,
191,
192,
193,
194,
195,
197,
197,
197,
197,
198,
199,
200,
201,
203,
203,
203,
203,
204,
205,
206,
207,
209,
209,
209,
209,
210,
211,
212,
213,
215,
215,
215,
215,
216,
217,
218,
219,
221,
221,
221,
221,
222,
223,
224,
225,
227,
227,
227,
227,
228,
229,
230,
231,
233,
233,
233,
233,
234,
235,
236,
237,
239,
239,
239,
239,
240,
241,
242,
243,
245,
245,
245,
245,
246,
247,
248,
249,
251,
251,
251,
251,
252,
253,
254,
255,
257,
257,
257,
257,
0,
1,
2,
3,
5,
5,
5,
5,
6,
7,
8,
9,
11,
11,
11,
11,
12,
13,
14,
15,
17,
17,
17,
17,
18,
19,
20,
21,
23,
23,
23,
23,
24,
25,
26,
27,
29,
29,
29,
29,
30,
31,
32,
33,
35,
35,
35,
35,
36,
37,
38,
39,
41,
41,
41,
41,
42,
43,
44,
45,
47,
47,
47,
47,
48,
49,
50,
51,
53,
53,
53,
53,
54,
55,
56,
57,
59,
59,
59,
59,
60,
61,
62,
63,
65,
65,
65,
65,
66,
67,
68,
69,
71,
71,
71,
71,
72,
73,
74,
75,
77,
77,
77,
77,
78,
79,
80,
81,
83,
83,
83,
83,
84,
85,
86,
87,
89,
89,
89,
89,
90,
91,
92,
93,
95,
95,
95,
95,
96,
97,
98,
99,
101,
101,
101,
101,
102,
103,
104,
105,
107,
107,
107,
107,
108,
109,
110,
111,
113,
113,
113,
113,
114,
115,
116,
117,
119,
119,
119,
119,
120,
121,
122,
123,
125,
125,
125,
125,
126,
127,
128,
129,
131,
131,
131,
131,
132,
133,
134,
135,
137,
137,
137,
137,
138,
139,
140,
141,
143,
143,
143,
143,
144,
145,
146,
147,
149,
149,
149,
149,
150,
151,
152,
153,
155,
155,
155,
155,
156,
157,
158,
159,
161,
161,
161,
161,
162,
163,
164,
165,
167,
167,
167,
167,
168,
169,
170,
171,
173,
173,
173,
173,
174,
175,
176,
177,
179,
179,
179,
179,
180,
181,
182,
183,
185,
185,
185,
185,
186,
187,
188,
189,
191,
191,
191,
191,
192,
193,
194,
195,
197,
197,
197,
197,
198,
199,
200,
201,
203,
203,
203,
203,
0,
0,
0,
0,
1,
2,
3,
5,
5,
5,
5,
6,
7,
8,
9,
11,
11,
11,
11,
12,
13,
14,
15,
17,
17,
17,
17,
18,
19,
20,
21,
23,
23,
23,
23,
24,
25,
26,
27,
29,
29,
29,
29,
30,
31,
32,
33,
35,
35,
35,
35,
36,
37,
38,
39,
41,
41,
41,
41,
42,
43,
44,
45,
47,
47,
47,
47,
48,
49,
50,
51,
53,
53,
53,
53,
54,
55,
56,
57,
59,
59,
59,
59,
60,
61,
62,
63,
65,
65,
65,
65,
66,
67,
68,
69,
71,
71,
71,
71,
72,
73,
74,
75,
77,
77,
77,
77,
78,
79,
80,
81,
83,
83,
83,
83,
84,
85,
86,
87,
89,
89,
89,
89,
90,
91,
92,
93,
95,
95,
95,
95,
96,
97,
98,
99,
101,
101,
101,
101,
102,
103,
104,
105,
107,
107,
107,
107,
108,
109,
110,
111,
113,
113,
113,
113,
114,
115,
116,
117,
119,
119,
119,
119,
120,
121,
122,
123,
125,
125,
125,
125,
126,
127,
128,
129,
131,
131,
131,
131,
132,
133,
134,
135,
137,
137,
137,
137,
138,
139,
140,
141,
143,
143,
143,
143,
144,
145,
146,
147,
149,
149,
149,
149,
150,
151,
152,
153,
155,
155,
155,
155,
156,
157,
158,
159,
161,
161,
161,
161,
162,
163,
164,
165,
167,
167,
167,
167,
168,
169,
170,
171,
173,
173,
173,
173,
174,
175,
176,
177,
179,
179,
179,
179,
180,
181,
182,
183,
185,
185,
185,
185,
186,
187,
188,
189,
191,
191,
191,
191,
192,
193,
194,
195,
197,
197,
197,
197,
198,
199,
200,
201,
203,
203,
203,
203,
204,
205,
206,
207,
209,
209,
209,
209,
210,
211,
212,
213,
215,
215,
215,
215,
216,
217,
218,
219,
221,
221,
221,
221,
222,
223,
224,
225,
227,
227,
227,
227,
228,
229,
230,
0,
0,
1,
2,
3,
6,
7,
8,
9,
12,
13,
14,
15,
18,
19,
20,
21,
24,
25,
26,
27,
30,
31,
32,
33,
36,
37,
38,
39,
42,
43,
44,
45,
48,
49,
50,
51,
54,
55,
56,
57,
60,
61,
62,
63,
66,
67,
68,
69,
72,
73,
74,
75,
78,
79,
80,
81,
84,
85,
86,
87,
90,
91,
92,
93,
96,
97,
98,
99,
102,
103,
104,
105,
108,
109,
110,
111,
114,
115,
116,
117,
120,
121,
122,
123,
126,
127,
128,
129,
132,
133,
134,
135,
138,
139,
140,
141,
144,
145,
146,
147,
150,
151,
152,
153,
156,
157,
158,
159,
162,
163,
164,
165,
168,
169,
170,
171,
174,
175,
176,
177,
180,
181,
182,
183,
186,
187,
188,
189,
192,
193,
194,
195,
198,
199,
200,
201,
204,
205,
206,
207,
210,
211,
212,
213,
216,
217,
218,
219,
222,
223,
224,
225,
228,
229,
230,
231,
234,
235,
236,
237,
240,
241,
242,
243,
246,
247,
248,
249,
252,
253,
254,
255,
0,
1,
2,
3,
6,
7,
8,
9,
12,
13,
14,
15,
18,
19,
20,
21,
24,
25,
26,
27,
30,
31,
32,
33,
36,
37,
38,
39,
42,
43,
44,
45,
48,
49,
50,
51,
54,
55,
56,
57,
60,
61,
62,
63,
66,
67,
68,
69,
72,
0,
0,
0,
1,
2,
3,
6,
7,
8,
9,
12,
13,
14,
15,
18,
19,
20,
21,
24,
25,
26,
27,
30,
31,
32,
33,
36,
37,
38,
39,
42,
43,
44,
45,
48,
49,
50,
51,
54,
55,
56,
57,
60,
61,
62,
63,
66,
67,
68,
69,
72,
73,
74,
75,
78,
79,
80,
81,
84,
85,
86,
87,
90,
91,
92,
93,
96,
97,
98,
99,
102,
103,
104,
105,
108,
109,
110,
111,
114,
115,
116,
117,
120,
121,
122,
123,
126,
127,
128,
129,
132,
133,
134,
135,
138,
139,
140,
141,
144,
145,
146,
147,
150,
151,
152,
153,
156,
157,
158,
159,
162,
163,
164,
165,
168,
169,
170,
171,
174,
175,
176,
177,
180,
181,
182,
183,
186,
187,
188,
189,
192,
193,
194,
195,
198,
199,
200,
201,
204,
205,
206,
207,
210,
211,
212,
213,
216,
217,
218,
219,
222,
223,
224,
225,
228,
229,
230,
231,
234,
235,
236,
237,
240,
241,
242,
243,
246,
247,
248,
249,
252,
253,
254,
255,
0,
1,
2,
3,
6,
7,
8,
9,
12,
13,
14,
15,
18,
19,
20,
21,
24,
25,
26,
27,
30,
31,
32,
33,
36,
37,
38,
39,
42,
43,
44,
45,
48,
49,
50,
51,
54,
55,
56,
57,
60,
61,
62,
63,
66,
67,
68,
69,
72,
73,
74,
75,
78,
79,
80,
81,
84,
85,
86,
87,
90,
91,
92,
93,
96,
97,
98,
99,
102,
103,
104,
105,
108,
109,
110,
111,
114,
0,
0,
0,
1,
2,
5,
6,
7,
8,
11,
12,
13,
14,
17,
18,
19,
20,
23,
24,
25,
26,
29,
30,
31,
32,
35,
36,
37,
38,
41,
42,
43,
44,
47,
48,
49,
50,
53,
54,
55,
56,
59,
60,
61,
62,
65,
66,
67,
68,
71,
72,
73,
74,
77,
78,
79,
80,
83,
84,
85,
86,
89,
90,
91,
92,
95,
96,
97,
98,
101,
102,
103,
104,
107,
108,
109,
110,
113,
114,
115,
116,
119,
120,
121,
122,
125,
126,
127,
128,
131,
132,
133,
134,
137,
138,
139,
140,
143,
144,
145,
146,
149,
150,
151,
152,
155,
156,
157,
158,
161,
162,
163,
164,
167,
168,
169,
170,
173,
174,
175,
176,
179,
180,
181,
182,
185,
186,
187,
188,
191,
192,
193,
194,
197,
198,
199,
200,
203,
204,
205,
206,
209,
210,
211,
212,
215,
216,
217,
218,
221,
222,
223,
224,
227,
228,
229,
230,
233,
234,
235,
236,
239,
240,
241,
242,
245,
246,
247,
248,
251,
252,
253,
254,
257,
0,
1,
2,
5,
6,
7,
8,
11,
12,
13,
14,
17,
18,
19,
20,
23,
24,
25,
26,
29,
30,
31,
32,
35,
36,
37,
38,
41,
42,
43,
44,
47,
48,
49,
50,
53,
54,
55,
56,
59,
60,
61,
62,
65,
66,
67,
68,
71,
72,
73,
74,
77,
78,
79,
80,
83,
84,
85,
86,
89,
90,
91,
92,
95,
96,
97,
98,
101,
102,
103,
104,
107,
108,
109,
110,
113,
114,
115,
116,
119,
120,
121,
122,
125,
126,
127,
128,
131,
132,
133,
134,
137,
138,
139,
140,
143,
144,
145,
146,
149,
150,
151,
152,
155,
156,
157,
158,
161,
162,
163,
164,
167,
0,
0,
0,
1,
2,
5,
6,
7,
8,
11,
12,
13,
14,
17,
18,
19,
20,
23,
24,
25,
26,
29,
30,
31,
32,
35,
36,
37,
38,
41,
42,
43,
44,
47,
48,
49,
50,
53,
54,
55,
56,
59,
60,
61,
62,
65,
66,
67,
68,
71,
72,
73,
74,
77,
78,
79,
80,
83,
84,
85,
86,
89,
90,
91,
92,
95,
96,
97,
98,
101,
102,
103,
104,
107,
108,
109,
110,
113,
114,
115,
116,
119,
120,
121,
122,
125,
126,
127,
128,
131,
132,
133,
134,
137,
138,
139,
140,
143,
144,
145,
146,
149,
150,
151,
152,
155,
156,
157,
158,
161,
162,
163,
164,
167,
168,
169,
170,
173,
174,
175,
176,
179,
180,
181,
182,
185,
186,
187,
188,
191,
192,
193,
194,
197,
198,
199,
200,
203,
204,
205,
206,
209,
210,
211,
212,
215,
216,
217,
218,
221,
222,
223,
224,
227,
228,
229,
230,
233,
234,
235,
236,
239,
240,
241,
242,
245,
246,
247,
248,
251,
252,
253,
254,
257,
0,
1,
2,
5,
6,
7,
8,
11,
12,
13,
14,
17,
18,
19,
20,
23,
24,
25,
26,
29,
30,
31,
32,
35,
36,
37,
38,
41,
42,
43,
44,
47,
48,
49,
50,
53,
54,
55,
56,
59,
60,
61,
62,
65,
66,
67,
68,
71,
72,
73,
74,
77,
78,
79,
80,
83,
84,
85,
86,
89,
90,
91,
92,
95,
96,
97,
98,
101,
102,
103,
104,
107,
108,
109,
110,
113,
114,
0,
0,
1,
2,
3,
6,
7,
8,
9,
12,
13,
14,
15,
18,
19,
20,
21,
24,
25,
26,
27,
30,
31,
32,
33,
36,
37,
38,
39,
42,
43,
44,
45,
48,
49,
50,
51,
54,
55,
56,
57,
60,
61,
62,
63,
66,
67,
68,
69,
72,
73,
74,
75,
78,
79,
80,
81,
84,
85,
86,
87,
90,
91,
92,
93,
96,
97,
98,
99,
102,
103,
104,
105,
108,
109,
110,
111,
114,
115,
116,
117,
120,
121,
122,
123,
126,
127,
128,
129,
132,
133,
134,
135,
138,
139,
140,
141,
144,
145,
146,
147,
150,
151,
152,
153,
156,
157,
158,
159,
162,
163,
164,
165,
168,
169,
170,
171,
174,
175,
176,
177,
180,
181,
182,
183,
186,
187,
188,
189,
192,
193,
194,
195,
198,
199,
200,
201,
204,
205,
206,
207,
210,
211,
212,
213,
216,
217,
218,
219,
222,
223,
224,
225,
228,
229,
230,
231,
234,
235,
236,
237,
240,
241,
242,
243,
246,
247,
248,
249,
252,
253,
254,
255,
0,
1,
2,
3,
6,
7,
8,
9,
12,
13,
14,
15,
18,
19,
20,
21,
24,
25,
26,
27,
30,
31,
32,
33,
36,
37,
38,
39,
42,
43,
44,
45,
48,
49,
50,
51,
54,
55,
56,
57,
60,
61,
62,
63,
66,
67,
68,
69,
72,
73,
74,
75,
78,
79,
80,
81,
84,
85,
86,
87,
90,
91,
92,
93,
96,
97,
98,
99,
102,
103,
104,
105,
108,
109,
110,
111,
114,
115,
0,
0,
1,
2,
3,
6,
7,
8,
9,
12,
13,
14,
15,
18,
19,
20,
21,
24,
25,
26,
27,
30,
31,
32,
33,
36,
37,
38,
39,
42,
43,
44,
45,
48,
49,
50,
51,
54,
55,
56,
57,
60,
61,
62,
63,
66,
67,
68,
69,
72,
73,
74,
75,
78,
79,
80,
81,
84,
85,
86,
87,
90,
91,
92,
93,
96,
97,
98,
99,
102,
103,
104,
105,
108,
109,
110,
111,
114,
115,
116,
117,
120,
121,
122,
123,
126,
127,
128,
129,
132,
133,
134,
135,
138,
139,
140,
141,
144,
145,
146,
147,
150,
151,
152,
153,
156,
157,
158,
159,
162,
163,
164,
165,
168,
169,
170,
171,
174,
175,
176,
177,
180,
181,
182,
183,
186,
187,
188,
189,
192,
193,
194,
195,
198,
199,
200,
201,
204,
205,
206,
207,
210,
211,
212,
213,
216,
217,
218,
219,
222,
223,
224,
225,
228,
229,
230,
231,
234,
235,
236,
237,
240,
241,
242,
243,
246,
247,
248,
249,
252,
253,
254,
255,
258,
259,
260,
261,
264,
265,
266,
267,
270,
271,
272,
273,
276,
277,
278,
279,
282,
283,
284,
285,
288,
289,
290,
291,
294,
295,
296,
297,
300,
301,
302,
303,
306,
307,
308,
309,
312,
313,
314,
315,
318,
319,
320,
321,
324,
325,
326,
327,
330,
331,
332,
333,
336,
337,
338,
339,
342,
343,
344,
345,
348,
349,
350,
351,
354,
355,
356,
357,
360,
361,
362,
363,
366,
367,
368,
369,
372,
373,
374,
375,
378,
379,
380,
381,
384,
385,
386,
387,
390,
391,
392,
393,
396,
397,
398,
399,
402,
403,
404,
405,
408,
409,
410,
411,
414,
415,
416,
417,
420,
421,
422,
423,
426,
427,
428,
429,
432,
433,
434,
435,
438,
439,
440,
441,
444,
445,
446,
447,
450,
451,
452,
453,
456,
457,
458,
459,
462,
463,
464,
465,
468,
469,
470,
471,
474,
475,
476,
477,
480,
481,
482,
483,
486,
487,
488,
489,
492,
493,
494,
495,
0,
0,
1,
2,
3,
6,
7,
8,
9,
12,
13,
14,
15,
18,
19,
20,
21,
24,
25,
26,
27,
30,
31,
32,
33,
36,
37,
38,
39,
42,
43,
44,
45,
48,
49,
50,
51,
54,
55,
56,
57,
60,
61,
62,
63,
66,
67,
68,
69,
72,
73,
74,
75,
78,
79,
80,
81,
84,
85,
86,
87,
90,
91,
92,
93,
96,
97,
98,
99,
102,
103,
104,
105,
108,
109,
110,
111,
114,
115,
116,
117,
120,
121,
122,
123,
126,
127,
128,
129,
132,
133,
134,
135,
138,
139,
140,
141,
144,
145,
146,
147,
150,
151,
152,
153,
156,
157,
158,
159,
162,
163,
164,
165,
168,
169,
170,
171,
174,
175,
176,
177,
180,
181,
182,
183,
186,
187,
188,
189,
192,
193,
194,
195,
198,
199,
200,
201,
204,
205,
206,
207,
210,
211,
212,
213,
216,
217,
218,
219,
222,
223,
224,
225,
228,
229,
230,
231,
234,
235,
236,
237,
240,
241,
242,
243,
246,
247,
248,
249,
252,
253,
254,
255,
258,
259,
260,
261,
264,
265,
266,
267,
270,
271,
272,
273,
276,
277,
278,
279,
282,
283,
284,
285,
288,
289,
290,
291,
294,
295,
296,
297,
300,
301,
302,
303,
306,
307,
308,
309,
312,
313,
314,
315,
318,
319,
320,
321,
324,
325,
326,
327,
330,
331,
332,
333,
336,
337,
338,
339,
342,
343,
344,
345,
348,
349,
350,
351,
354,
355,
356,
357,
360,
361,
362,
363,
366,
367,
368,
369,
372,
373,
374,
375,
378,
379,
380,
381,
384,
385,
386,
387,
390,
391,
392,
393,
396,
397,
398,
399,
402,
403,
404,
405,
408,
409,
410,
411,
414,
415,
416,
417,
420,
421,
422,
423,
426,
427,
428,
429,
432,
433,
434,
435,
438,
439,
440,
441,
444,
445,
446,
447,
450,
451,
452,
453,
456,
457,
458,
459,
462,
463,
464,
465,
468,
469,
470,
471,
474,
475,
476,
477,
480,
481,
482,
483,
486,
487,
488,
489,
492,
493,
494,
495,
0,
0,
1,
2,
3,
6,
6,
6,
6,
7,
8,
9,
10,
13,
14,
15,
16,
19,
19,
19,
19,
20,
21,
22,
23,
26,
27,
28,
29,
32,
33,
34,
35,
38,
38,
38,
38,
39,
40,
41,
42,
45,
46,
47,
48,
51,
52,
53,
54,
57,
58,
59,
60,
63,
63,
63,
63,
64,
65,
66,
67,
70,
71,
72,
73,
76,
77,
78,
79,
82,
83,
84,
85,
88,
89,
90,
91,
94,
94,
94,
94,
95,
96,
97,
98,
101,
102,
103,
104,
107,
108,
109,
110,
113,
114,
115,
116,
119,
120,
121,
122,
125,
126,
127,
128,
131,
131,
131,
131,
132,
133,
134,
135,
138,
139,
140,
141,
144,
145,
146,
147,
150,
151,
152,
153,
156,
157,
158,
159,
162,
163,
164,
165,
168,
169,
170,
171,
174,
174,
174,
174,
175,
176,
177,
178,
181,
182,
183,
184,
187,
188,
189,
190,
193,
194,
195,
196,
199,
200,
201,
202,
205,
206,
207,
208,
211,
212,
213,
214,
217,
218,
219,
220,
223,
223,
223,
223,
224,
225,
226,
227,
230,
231,
232,
233,
236,
237,
238,
239,
242,
243,
244,
245,
248,
249,
250,
251,
254,
255,
256,
257,
260,
261,
262,
263,
266,
267,
268,
269,
272,
273,
274,
275,
278,
278,
278,
278,
0,
1,
2,
3,
6,
7,
8,
9,
12,
13,
14,
15,
18,
19,
20,
21,
24,
25,
26,
27,
30,
31,
32,
33,
36,
37,
38,
39,
42,
43,
44,
45,
48,
49,
50,
51,
54,
55,
56,
57,
60,
60,
60,
60,
61,
62,
63,
64,
67,
68,
69,
70,
73,
74,
75,
76,
79,
80,
81,
82,
85,
86,
87,
88,
91,
92,
93,
94,
97,
98,
99,
100,
103,
104,
105,
106,
109,
110,
111,
112,
115,
116,
117,
118,
121,
122,
123,
124,
127,
127,
127,
127,
128,
129,
130,
131,
134,
135,
136,
137,
140,
0,
1,
2,
3,
4,
7,
8,
8,
8,
9,
10,
11,
12,
15,
16,
17,
18,
21,
22,
23,
23,
24,
25,
26,
27,
30,
31,
32,
33,
36,
37,
38,
39,
42,
43,
44,
45,
46,
47,
48,
49,
52,
53,
54,
55,
58,
59,
60,
61,
64,
65,
66,
67,
70,
71,
72,
73,
75,
76,
77,
78,
81,
82,
83,
84,
87,
88,
89,
90,
93,
94,
95,
96,
99,
100,
101,
102,
105,
106,
107,
108,
111,
112,
113,
114,
117,
118,
119,
120,
123,
124,
125,
126,
129,
130,
131,
132,
135,
136,
137,
138,
141,
142,
143,
144,
147,
148,
149,
150,
153,
153,
153,
153,
154,
155,
156,
157,
160,
161,
162,
163,
166,
167,
168,
169,
172,
173,
174,
175,
178,
179,
180,
181,
184,
185,
186,
187,
190,
191,
192,
193,
196,
197,
198,
199,
202,
203,
203,
203,
204,
205,
206,
207,
210,
211,
212,
213,
216,
217,
218,
219,
222,
223,
224,
225,
228,
229,
230,
231,
234,
235,
236,
237,
240,
241,
242,
243,
246,
247,
248,
249,
252,
253,
254,
255,
258,
259,
260,
260,
1,
2,
3,
4,
7,
8,
9,
10,
13,
14,
15,
16,
19,
20,
21,
22,
25,
26,
27,
28,
31,
32,
33,
34,
37,
38,
39,
40,
43,
44,
45,
46,
49,
50,
51,
52,
55,
56,
57,
58,
61,
62,
63,
64,
65,
66,
67,
68,
71,
72,
73,
74,
77,
78,
79,
80,
83,
84,
85,
86,
89,
90,
91,
92,
95,
96,
97,
98,
101,
102,
103,
104,
107,
108,
109,
110,
113,
114,
115,
116,
119,
120,
121,
122,
125,
126,
127,
128,
131,
132,
133,
134,
136,
137,
138,
139,
142,
143,
144,
145,
148,
149,
150,
151,
154,
155,
156,
157,
160,
161,
162,
163,
166,
167,
168,
169,
172,
173,
174,
175,
178,
179,
180,
181,
184,
185,
186,
187,
190,
191,
0,
1,
2,
3,
4,
7,
8,
9,
10,
13,
14,
15,
16,
19,
20,
21,
22,
25,
26,
27,
28,
31,
32,
33,
34,
37,
38,
39,
40,
43,
44,
45,
46,
49,
50,
51,
52,
55,
56,
57,
58,
61,
62,
63,
64,
67,
68,
69,
70,
73,
74,
75,
76,
79,
80,
81,
82,
85,
86,
87,
88,
91,
92,
93,
94,
97,
98,
99,
100,
103,
104,
105,
106,
109,
110,
111,
112,
115,
116,
117,
118,
121,
122,
123,
124,
127,
128,
129,
130,
133,
134,
135,
136,
139,
140,
141,
142,
145,
146,
147,
148,
151,
152,
153,
154,
157,
158,
159,
160,
163,
164,
165,
166,
169,
170,
171,
172,
175,
176,
177,
178,
181,
182,
183,
184,
187,
188,
189,
190,
193,
194,
195,
196,
199,
200,
201,
202,
205,
206,
207,
208,
211,
212,
213,
214,
217,
218,
219,
220,
223,
224,
225,
226,
229,
230,
231,
232,
235,
236,
237,
238,
241,
242,
243,
244,
247,
248,
249,
250,
253,
254,
255,
256,
259,
260,
261,
262,
265,
266,
267,
268,
1,
2,
3,
4,
7,
8,
9,
10,
13,
14,
15,
16,
19,
20,
21,
22,
25,
26,
27,
28,
31,
32,
33,
34,
37,
38,
39,
40,
43,
44,
45,
46,
49,
50,
51,
52,
55,
56,
57,
58,
61,
62,
63,
64,
67,
68,
69,
70,
73,
74,
75,
76,
79,
80,
81,
82,
85,
86,
87,
88,
91,
92,
93,
94,
97,
98,
99,
100,
103,
104,
105,
106,
109,
110,
111,
112,
115,
116,
117,
118,
121,
122,
123,
124,
127,
128,
129,
130,
133,
134,
135,
136,
139,
140,
141,
142,
145,
146,
147,
148,
151,
152,
153,
154,
157,
158,
159,
160,
163,
164,
165,
166,
169,
170,
171,
172,
175,
176,
177,
178,
181,
182,
183,
184,
187,
188,
189,
190,
193,
194,
0,
1,
2,
3,
4,
7,
8,
9,
10,
13,
14,
15,
16,
19,
20,
21,
22,
25,
26,
27,
28,
31,
32,
33,
34,
37,
38,
39,
40,
43,
44,
45,
46,
49,
50,
51,
52,
55,
56,
57,
58,
61,
62,
63,
64,
67,
68,
69,
70,
73,
74,
75,
76,
79,
80,
81,
82,
85,
86,
87,
88,
91,
92,
93,
94,
97,
98,
99,
100,
103,
104,
105,
106,
109,
110,
111,
112,
115,
116,
117,
118,
121,
122,
123,
124,
127,
128,
129,
130,
133,
134,
135,
136,
139,
140,
141,
142,
145,
146,
147,
148,
151,
152,
153,
154,
157,
158,
159,
160,
163,
164,
165,
166,
169,
170,
171,
172,
175,
176,
177,
178,
181,
182,
183,
184,
187,
188,
189,
190,
193,
194,
195,
196,
199,
200,
201,
202,
205,
206,
207,
208,
211,
212,
213,
214,
217,
218,
219,
220,
223,
224,
225,
226,
229,
230,
231,
232,
235,
236,
237,
238,
241,
242,
243,
244,
247,
248,
249,
250,
253,
254,
255,
256,
1,
2,
3,
4,
7,
8,
9,
10,
13,
14,
15,
16,
19,
20,
21,
22,
25,
26,
27,
28,
31,
32,
33,
34,
37,
38,
39,
40,
43,
44,
45,
46,
49,
50,
51,
52,
55,
56,
57,
58,
61,
62,
63,
64,
67,
68,
69,
70,
73,
74,
0,
1,
2,
3,
4,
6,
6,
6,
6,
7,
8,
9,
10,
12,
12,
12,
12,
13,
14,
15,
16,
18,
18,
18,
18,
19,
20,
21,
22,
24,
24,
24,
24,
25,
26,
27,
28,
30,
30,
30,
30,
31,
32,
33,
34,
36,
36,
36,
36,
37,
38,
39,
40,
42,
42,
42,
42,
43,
44,
45,
46,
48,
48,
48,
48,
49,
50,
51,
52,
54,
54,
54,
54,
55,
56,
57,
58,
60,
60,
60,
60,
61,
62,
63,
64,
66,
66,
66,
66,
67,
68,
69,
70,
72,
72,
72,
72,
73,
74,
75,
76,
78,
78,
78,
78,
79,
80,
81,
82,
84,
84,
84,
84,
85,
86,
87,
88,
90,
90,
90,
90,
91,
92,
93,
94,
96,
96,
96,
96,
97,
98,
99,
100,
102,
102,
102,
102,
103,
104,
105,
106,
108,
108,
108,
108,
109,
110,
111,
112,
114,
114,
114,
114,
115,
116,
117,
118,
120,
120,
120,
120,
121,
122,
123,
124,
126,
126,
126,
126,
127,
128,
129,
130,
132,
132,
132,
132,
133,
134,
135,
136,
138,
138,
138,
138,
139,
140,
141,
142,
144,
144,
144,
144,
145,
146,
147,
148,
150,
150,
150,
150,
151,
152,
153,
154,
156,
156,
156,
156,
157,
158,
159,
160,
162,
162,
162,
162,
163,
164,
165,
166,
168,
168,
168,
168,
169,
170,
171,
172,
174,
174,
174,
174,
175,
176,
177,
178,
180,
180,
180,
180,
181,
182,
183,
184,
186,
186,
186,
186,
187,
188,
189,
190,
192,
192,
192,
192,
193,
194,
195,
196,
198,
198,
198,
198,
199,
200,
201,
202,
204,
204,
204,
204,
205,
206,
207,
208,
210,
210,
210,
210,
211,
212,
213,
214,
216,
216,
216,
216,
217,
218,
219,
220,
222,
222,
222,
222,
223,
224,
225,
226,
228,
228,
228,
228,
229,
230,
231,
232,
234,
234,
234,
234,
235,
236,
237,
238,
240,
240,
240,
240,
241,
242,
243,
244,
246,
246,
246,
246,
247,
248,
249,
250,
0,
1,
2,
3,
4,
6,
7,
7,
7,
8,
9,
10,
11,
13,
14,
14,
14,
15,
16,
17,
18,
20,
21,
21,
21,
22,
23,
24,
25,
27,
28,
28,
28,
29,
30,
31,
32,
34,
35,
35,
35,
36,
37,
38,
39,
41,
42,
42,
42,
43,
44,
45,
46,
48,
49,
49,
49,
50,
51,
52,
53,
55,
56,
56,
56,
57,
58,
59,
60,
62,
63,
63,
63,
64,
65,
66,
67,
69,
70,
70,
70,
71,
72,
73,
74,
76,
77,
77,
77,
78,
79,
80,
81,
83,
84,
84,
84,
85,
86,
87,
88,
90,
91,
91,
91,
92,
93,
94,
95,
97,
98,
98,
98,
99,
100,
101,
102,
104,
105,
105,
105,
106,
107,
108,
109,
111,
112,
112,
112,
113,
114,
115,
116,
118,
119,
119,
119,
120,
121,
122,
123,
125,
126,
126,
126,
127,
128,
129,
130,
132,
133,
133,
133,
134,
135,
136,
137,
139,
140,
140,
140,
141,
142,
143,
144,
146,
147,
147,
147,
148,
149,
150,
151,
153,
154,
154,
154,
155,
156,
157,
158,
160,
161,
161,
161,
162,
163,
164,
165,
167,
168,
168,
168,
169,
170,
171,
172,
174,
175,
175,
175,
176,
177,
178,
179,
181,
182,
182,
182,
183,
184,
185,
186,
188,
189,
189,
189,
190,
191,
192,
193,
195,
196,
196,
196,
197,
198,
199,
200,
202,
203,
203,
203,
204,
205,
206,
207,
209,
210,
210,
210,
211,
212,
213,
214,
216,
217,
217,
217,
218,
219,
220,
221,
223,
224,
224,
224,
225,
226,
227,
228,
230,
231,
231,
231,
232,
233,
234,
235,
237,
238,
238,
238,
239,
240,
241,
242,
244,
245,
245,
245,
246,
247,
248,
249,
251,
252,
252,
252,
253,
254,
255,
256,
258,
259,
259,
259,
1,
2,
3,
4,
6,
7,
7,
7,
8,
9,
10,
11,
13,
14,
14,
14,
15,
16,
17,
18,
20,
21,
21,
21,
22,
23,
24,
25,
27,
28,
28,
28,
29,
30,
31,
32,
0,
1,
2,
3,
4,
5,
6,
8,
9,
9,
9,
9,
9,
10,
11,
12,
13,
14,
15,
17,
18,
18,
18,
18,
18,
19,
20,
21,
22,
23,
24,
26,
27,
27,
27,
27,
27,
28,
29,
30,
31,
32,
33,
35,
36,
36,
36,
36,
36,
37,
38,
39,
40,
41,
42,
44,
45,
45,
45,
45,
45,
46,
47,
48,
49,
50,
51,
53,
54,
54,
54,
54,
54,
55,
56,
57,
58,
59,
60,
62,
63,
63,
63,
63,
63,
64,
65,
66,
67,
68,
69,
71,
72,
72,
72,
72,
72,
73,
74,
75,
76,
77,
78,
80,
81,
81,
81,
81,
81,
82,
83,
84,
85,
86,
87,
89,
90,
90,
90,
90,
90,
91,
92,
93,
94,
95,
96,
98,
99,
99,
99,
99,
99,
100,
101,
102,
103,
104,
105,
107,
108,
108,
108,
108,
108,
109,
110,
111,
112,
113,
114,
116,
117,
117,
117,
117,
117,
118,
119,
120,
121,
122,
123,
125,
126,
126,
126,
126,
126,
127,
128,
129,
130,
131,
132,
134,
135,
135,
135,
135,
135,
136,
137,
138,
139,
140,
141,
143,
144,
144,
144,
144,
144,
145,
146,
147,
148,
149,
150,
152,
153,
153,
153,
153,
153,
154,
155,
156,
157,
158,
159,
161,
162,
162,
162,
162,
162,
163,
164,
165,
166,
167,
168,
170,
171,
171,
171,
171,
171,
172,
173,
174,
175,
176,
177,
179,
180,
180,
180,
180,
180,
181,
182,
183,
184,
185,
186,
188,
189,
189,
189,
189,
189,
190,
191,
192,
193,
194,
195,
197,
198,
198,
198,
198,
198,
199,
200,
201,
202,
203,
204,
206,
207,
207,
207,
207,
207,
208,
209,
210,
211,
212,
213,
215,
216,
216,
216,
216,
216,
217,
218,
219,
220,
221,
222,
224,
225,
225,
225,
225,
225,
226,
227,
228,
229,
230,
231,
233,
234,
234,
234,
234,
234,
235,
236,
237,
238,
239,
240,
242,
243,
243,
243,
243,
243,
244,
245,
246,
247,
248,
249,
251,
252,
252,
252,
252,
252,
253,
254,
255,
256,
257,
258,
260,
261,
261,
261,
261,
261,
1,
2,
3,
4,
5,
6,
8,
9,
9,
9,
9,
9,
10,
11,
12,
13,
14,
15,
17,
18,
18,
18,
18,
18,
19,
0,
1,
2,
3,
4,
5,
6,
7,
8,
9,
10,
12,
12,
12,
12,
12,
12,
12,
12,
12,
12,
13,
14,
15,
16,
17,
18,
19,
20,
21,
22,
24,
24,
24,
24,
24,
24,
24,
24,
24,
24,
25,
26,
27,
28,
29,
30,
31,
32,
33,
34,
36,
36,
36,
36,
36,
36,
36,
36,
36,
36,
37,
38,
39,
40,
41,
42,
43,
44,
45,
46,
48,
48,
48,
48,
48,
48,
48,
48,
48,
48,
49,
50,
51,
52,
53,
54,
55,
56,
57,
58,
60,
60,
60,
60,
60,
60,
60,
60,
60,
60,
61,
62,
63,
64,
65,
66,
67,
68,
69,
70,
72,
72,
72,
72,
72,
72,
72,
72,
72,
72,
73,
74,
75,
76,
77,
78,
79,
80,
81,
82,
84,
84,
84,
84,
84,
84,
84,
84,
84,
84,
85,
86,
87,
88,
89,
90,
91,
92,
93,
94,
96,
96,
96,
96,
96,
96,
96,
96,
96,
96,
97,
98,
99,
100,
101,
102,
103,
104,
105,
106,
108,
108,
108,
108,
108,
108,
108,
108,
108,
108,
109,
110,
111,
112,
113,
114,
115,
116,
117,
118,
120,
120,
120,
120,
120,
120,
120,
120,
120,
120,
121,
122,
123,
124,
125,
126,
127,
128,
129,
130,
132,
132,
132,
132,
132,
132,
132,
132,
132,
132,
133,
134,
135,
136,
137,
138,
139,
140,
141,
142,
144,
144,
144,
144,
144,
144,
144,
144,
144,
144,
145,
146,
147,
148,
149,
150,
151,
152,
153,
154,
156,
156,
156,
156,
156,
156,
156,
156,
156,
156,
157,
158,
159,
160,
161,
162,
163,
164,
165,
166,
168,
168,
168,
168,
168,
168,
168,
168,
168,
168,
169,
170,
171,
172,
173,
174,
175,
176,
177,
178,
180,
180,
180,
180,
180,
180,
180,
180,
180,
180,
181,
182,
183,
184,
185,
186,
187,
188,
189,
190,
192,
192,
192,
192,
192,
192,
192,
192,
192,
192,
193,
194,
195,
196,
197,
198,
199,
200,
201,
202,
204,
204,
204,
204,
204,
204,
204,
204,
204,
204,
205,
206,
207,
208,
209,
210,
211,
212,
213,
214,
216,
216,
216,
216,
216,
216,
216,
216,
216,
216,
217,
218,
219,
220,
221,
222,
223,
224,
225,
226,
228,
228,
228,
228,
228,
228,
228,
228,
228,
228,
229,
230,
231,
232,
233,
234,
235,
236,
237,
238,
240,
240,
240,
240,
240,
240,
240,
240,
240,
240,
241,
242,
243,
244,
245,
246,
247,
248,
249,
250,
252,
252,
252,
252,
252,
252,
0,
1,
2,
3,
4,
5,
6,
8,
8,
8,
8,
8,
8,
9,
10,
11,
12,
13,
14,
16,
16,
16,
16,
16,
16,
17,
18,
19,
20,
21,
22,
24,
24,
24,
24,
24,
24,
25,
26,
27,
28,
29,
30,
32,
32,
32,
32,
32,
32,
33,
34,
35,
36,
37,
38,
40,
40,
40,
40,
40,
40,
41,
42,
43,
44,
45,
46,
48,
48,
48,
48,
48,
48,
49,
50,
51,
52,
53,
54,
56,
56,
56,
56,
56,
56,
57,
58,
59,
60,
61,
62,
64,
64,
64,
64,
64,
64,
65,
66,
67,
68,
69,
70,
72,
72,
72,
72,
72,
72,
73,
74,
75,
76,
77,
78,
80,
80,
80,
80,
80,
80,
81,
82,
83,
84,
85,
86,
88,
88,
88,
88,
88,
88,
89,
90,
91,
92,
93,
94,
96,
96,
96,
96,
96,
96,
97,
98,
99,
100,
101,
102,
104,
104,
104,
104,
104,
104,
105,
106,
107,
108,
109,
110,
112,
112,
112,
112,
112,
112,
113,
114,
115,
116,
117,
118,
120,
120,
120,
120,
120,
120,
121,
122,
123,
124,
125,
126,
128,
128,
128,
128,
128,
128,
129,
130,
131,
132,
133,
134,
136,
136,
136,
136,
136,
136,
137,
138,
139,
140,
141,
142,
144,
144,
144,
144,
144,
144,
145,
146,
147,
148,
149,
150,
152,
152,
152,
152,
152,
152,
153,
154,
155,
156,
157,
158,
160,
160,
160,
160,
160,
160,
161,
162,
163,
164,
165,
166,
168,
168,
168,
168,
168,
168,
169,
170,
171,
172,
173,
174,
176,
176,
176,
176,
176,
176,
177,
178,
179,
180,
181,
182,
184,
184,
184,
184,
184,
184,
185,
186,
187,
188,
189,
190,
192,
192,
192,
192,
192,
192,
193,
194,
195,
196,
197,
198,
200,
200,
200,
200,
200,
200,
201,
202,
203,
204,
205,
206,
208,
208,
208,
208,
208,
208,
209,
210,
211,
212,
213,
214,
216,
216,
216,
216,
216,
216,
217,
218,
219,
220,
221,
222,
224,
224,
224,
224,
224,
224,
225,
226,
227,
228,
229,
230,
232,
232,
232,
232,
232,
232,
233,
234,
235,
236,
237,
238,
240,
240,
240,
240,
240,
240,
241,
242,
243,
244,
245,
246,
248,
248,
248,
248,
248,
248,
249,
0,
1,
2,
3,
5,
5,
5,
5,
6,
7,
9,
9,
9,
10,
11,
12,
13,
15,
15,
15,
15,
15,
15,
15,
15,
15,
16,
17,
18,
19,
20,
21,
22,
24,
24,
24,
24,
24,
24,
24,
24,
24,
25,
26,
27,
29,
29,
29,
29,
30,
31,
32,
33,
34,
35,
36,
37,
38,
40,
40,
40,
40,
40,
40,
41,
42,
43,
44,
45,
46,
48,
48,
49,
50,
51,
52,
53,
54,
55,
56,
57,
58,
60,
60,
60,
60,
60,
60,
60,
60,
60,
60,
60,
61,
62,
63,
65,
65,
65,
65,
65,
65,
65,
65,
65,
65,
66,
67,
68,
69,
70,
71,
72,
74,
74,
74,
74,
74,
74,
74,
74,
74,
74,
75,
76,
77,
78,
79,
80,
81,
83,
83,
83,
83,
83,
83,
83,
83,
83,
83,
83,
84,
85,
86,
87,
88,
89,
90,
91,
93,
93,
93,
93,
93,
94,
95,
96,
97,
98,
99,
100,
101,
102,
103,
105,
105,
105,
105,
105,
105,
105,
105,
105,
106,
107,
108,
109,
110,
111,
112,
113,
114,
116,
116,
116,
117,
118,
119,
120,
121,
122,
123,
124,
125,
127,
127,
127,
127,
127,
127,
128,
129,
130,
131,
133,
133,
133,
134,
135,
136,
137,
138,
139,
140,
142,
142,
142,
142,
143,
144,
145,
146,
148,
148,
148,
148,
148,
148,
148,
148,
148,
148,
149,
150,
152,
152,
152,
152,
152,
152,
153,
154,
155,
156,
157,
158,
159,
160,
162,
162,
162,
163,
164,
165,
166,
168,
168,
168,
168,
168,
168,
169,
170,
171,
172,
173,
174,
175,
176,
178,
178,
178,
178,
178,
179,
180,
181,
182,
183,
184,
185,
186,
188,
188,
188,
188,
189,
190,
191,
192,
193,
194,
196,
196,
196,
196,
196,
196,
196,
196,
196,
197,
198,
199,
200,
201,
202,
203,
204,
205,
206,
208,
208,
208,
208,
208,
208,
208,
208,
208,
208,
209,
210,
212,
212,
212,
213,
214,
215,
217,
217,
217,
217,
218,
219,
220,
222,
222,
222,
222,
223,
224,
225,
226,
227,
228,
229,
230,
231,
232,
233,
235,
235,
235,
235,
235,
235,
235,
235,
235,
236,
237,
239,
239,
239,
240,
241,
242,
243,
244,
245,
246,
247,
249,
249,
249,
249,
0,
1,
2,
3,
4,
6,
6,
6,
6,
6,
6,
6,
6,
6,
7,
8,
9,
10,
11,
12,
13,
14,
15,
16,
18,
18,
18,
19,
20,
21,
22,
23,
24,
25,
26,
27,
28,
29,
31,
31,
31,
31,
31,
31,
31,
31,
31,
31,
32,
33,
34,
35,
36,
38,
38,
38,
38,
38,
39,
40,
41,
42,
43,
44,
45,
46,
47,
49,
49,
49,
49,
49,
50,
51,
52,
53,
54,
56,
56,
56,
56,
56,
56,
56,
56,
57,
58,
60,
60,
60,
60,
60,
60,
60,
60,
60,
60,
61,
62,
63,
64,
65,
66,
68,
68,
68,
68,
68,
68,
69,
70,
71,
72,
73,
74,
75,
77,
77,
78,
79,
81,
81,
81,
81,
81,
81,
81,
82,
83,
84,
85,
86,
87,
88,
89,
90,
92,
92,
93,
94,
95,
96,
97,
98,
99,
100,
101,
103,
103,
104,
105,
106,
107,
108,
109,
110,
111,
112,
114,
114,
114,
114,
114,
114,
114,
114,
114,
114,
115,
116,
117,
119,
119,
119,
119,
119,
119,
119,
119,
120,
121,
123,
123,
123,
123,
124,
125,
126,
127,
128,
130,
130,
130,
130,
130,
130,
131,
132,
133,
135,
135,
135,
135,
135,
135,
135,
135,
135,
135,
135,
136,
137,
138,
139,
140,
141,
142,
143,
144,
145,
146,
148,
148,
148,
148,
148,
148,
148,
148,
148,
148,
148,
149,
150,
151,
152,
154,
154,
154,
154,
154,
154,
154,
155,
156,
157,
158,
159,
160,
161,
163,
163,
163,
163,
163,
163,
163,
163,
164,
165,
166,
168,
168,
168,
168,
168,
168,
168,
168,
168,
168,
168,
169,
170,
171,
172,
173,
175,
175,
176,
177,
178,
179,
180,
181,
182,
183,
184,
185,
186,
188,
188,
188,
188,
188,
188,
188,
188,
189,
190,
191,
192,
193,
194,
196,
196,
196,
196,
196,
196,
196,
196,
197,
198,
199,
200,
201,
202,
203,
204,
205,
207,
207,
207,
207,
207,
207,
208,
209,
210,
212,
212,
213,
214,
216,
216,
216,
216,
216,
216,
216,
216,
216,
217,
218,
219,
220,
221,
222,
223,
224,
225,
226,
228,
228,
228,
228,
228,
228,
228,
228,
228,
228,
229,
230,
231,
233,
233,
233,
233,
234,
235,
236,
0,
1,
2,
3,
4,
5,
6,
7,
8,
9,
10,
12,
12,
12,
12,
12,
12,
12,
12,
12,
13,
14,
15,
16,
17,
18,
19,
20,
21,
23,
23,
23,
23,
23,
23,
23,
24,
25,
26,
27,
28,
29,
31,
31,
31,
31,
31,
31,
31,
31,
31,
31,
31,
32,
33,
34,
35,
36,
37,
38,
39,
40,
42,
42,
42,
42,
42,
42,
43,
44,
46,
46,
46,
46,
46,
46,
46,
47,
48,
49,
50,
51,
52,
54,
54,
54,
54,
54,
55,
56,
57,
58,
59,
60,
62,
62,
63,
64,
65,
66,
67,
68,
69,
70,
72,
72,
73,
74,
75,
76,
77,
78,
80,
80,
80,
80,
81,
82,
84,
84,
84,
84,
84,
84,
84,
84,
84,
84,
84,
85,
86,
87,
88,
89,
90,
91,
92,
94,
94,
94,
94,
94,
94,
94,
94,
94,
95,
96,
97,
98,
100,
100,
100,
100,
100,
100,
101,
102,
103,
104,
105,
106,
107,
108,
109,
110,
112,
112,
112,
112,
112,
112,
112,
112,
112,
112,
112,
113,
114,
115,
116,
117,
118,
119,
120,
121,
122,
124,
124,
124,
124,
124,
125,
126,
127,
128,
129,
130,
131,
132,
133,
134,
135,
137,
137,
137,
137,
137,
137,
137,
137,
137,
137,
137,
138,
139,
141,
141,
141,
141,
141,
142,
143,
144,
145,
146,
148,
148,
148,
149,
150,
151,
152,
153,
154,
155,
156,
158,
158,
158,
158,
158,
159,
160,
161,
162,
164,
164,
164,
164,
164,
164,
164,
164,
164,
164,
164,
165,
166,
167,
168,
169,
170,
171,
172,
173,
175,
175,
175,
175,
175,
175,
175,
175,
175,
175,
176,
177,
178,
179,
180,
181,
182,
183,
184,
186,
186,
186,
186,
186,
186,
186,
187,
188,
189,
190,
191,
192,
193,
194,
196,
196,
196,
196,
196,
196,
196,
196,
196,
196,
196,
197,
198,
199,
200,
201,
202,
203,
204,
205,
206,
207,
209,
209,
210,
211,
212,
213,
214,
215,
216,
218,
218,
218,
218,
218,
219,
220,
221,
223,
223,
223,
223,
223,
223,
223,
223,
223,
223,
224,
225,
227,
227,
228,
229,
231,
231,
231,
231,
232,
233,
234,
235,
236,
238,
238,
238,
239,
240,
242,
242,
243,
244,
0,
1,
2,
3,
4,
5,
6,
7,
9,
9,
9,
9,
9,
9,
9,
9,
9,
10,
11,
12,
13,
14,
15,
16,
17,
18,
19,
21,
21,
21,
21,
22,
23,
24,
25,
26,
27,
29,
29,
30,
31,
32,
33,
34,
35,
36,
37,
39,
39,
39,
39,
39,
39,
39,
40,
41,
42,
43,
44,
45,
46,
47,
48,
49,
50,
52,
52,
52,
52,
52,
52,
52,
53,
54,
56,
56,
56,
56,
56,
56,
56,
57,
58,
59,
60,
61,
62,
63,
64,
65,
66,
68,
68,
68,
69,
70,
71,
72,
74,
74,
74,
74,
75,
76,
77,
79,
79,
79,
79,
79,
79,
80,
81,
82,
83,
85,
85,
85,
85,
85,
85,
85,
86,
87,
88,
90,
90,
90,
90,
91,
92,
93,
94,
96,
96,
96,
96,
96,
96,
96,
96,
96,
97,
98,
100,
100,
100,
100,
100,
100,
100,
100,
101,
102,
103,
104,
105,
106,
107,
109,
109,
110,
111,
112,
113,
114,
115,
116,
117,
118,
119,
120,
122,
122,
122,
122,
122,
123,
124,
125,
127,
127,
127,
127,
127,
127,
128,
129,
130,
131,
132,
134,
134,
134,
134,
134,
134,
134,
134,
134,
134,
134,
135,
136,
137,
138,
139,
140,
141,
142,
143,
145,
145,
145,
145,
146,
147,
148,
150,
150,
150,
150,
150,
150,
150,
150,
150,
151,
152,
153,
154,
155,
156,
157,
158,
159,
160,
161,
163,
163,
163,
163,
164,
165,
167,
167,
167,
167,
168,
169,
170,
171,
172,
173,
174,
175,
176,
177,
178,
180,
180,
180,
180,
180,
181,
182,
183,
185,
185,
185,
185,
185,
185,
185,
185,
185,
186,
187,
189,
189,
189,
189,
189,
189,
189,
190,
191,
192,
193,
194,
195,
196,
197,
198,
200,
200,
200,
200,
200,
200,
200,
200,
201,
202,
203,
204,
205,
206,
208,
208,
208,
208,
208,
208,
209,
210,
211,
212,
213,
214,
215,
216,
217,
219,
219,
219,
219,
219,
219,
219,
219,
219,
220,
221,
222,
223,
225,
225,
225,
225,
225,
225,
225,
225,
226,
227,
228,
229,
230,
231,
232,
234,
234,
234,
234,
234,
234,
234,
234,
234,
235,
236,
237,
238,
239,
240,
241,
242,
243,
245,
245,
245,
